[General]
latitude = 40.53169
longitude = 8.07727